 # Key parameters for the calculation				
 # TASK	INSTR	TEMP	WING	E_UNIT
 #    1	3	300	0	1
 # Q	 deltaE	 Total		
0.05	0.099997	0.121188		
0.05	0.199993	0.129586		
0.05	0.29999	0.137815		
0.05	0.399986	0.145781		
0.05	0.499983	0.153393		
0.05	0.599979	0.160563		
0.05	0.699976	0.167209		
0.05	0.799973	-1		
0.05	0.899969	-1		
0.05	0.999966	-1		
0.05	1.099962	-1		
0.05	1.199959	-1		
0.05	1.299955	-1		
0.05	1.399952	-1		
0.05	1.499949	-1		
0.05	1.599945	-1		
0.05	1.699942	-1		
0.05	1.799938	-1		
0.05	1.899935	-1		
0.05	1.999931	-1		
0.05	2.099928	-1		
0.05	2.199925	-1		
0.05	2.299921	-1		
0.05	2.399918	-1		
0.05	2.499914	-1		
0.05	2.599911	-1		
0.05	2.699907	-1		
0.05	2.799904	-1		
0.05	2.899901	-1		
0.05	2.999897	-1		
0.05	3.099894	-1		
0.05	3.19989	-1		
0.05	3.299887	-1		
0.05	3.399883	-1		
0.05	3.49988	-1		
0.05	3.599876	-1		
0.05	3.699873	-1		
0.05	3.79987	-1		
0.05	3.899866	-1		
0.05	3.999863	-1		
0.05	4.099859	-1		
0.05	4.199856	-1		
0.05	4.299852	-1		
0.05	4.399849	-1		
0.05	4.499846	-1		
0.05	4.599842	-1		
0.05	4.699839	-1		
0.05	4.799835	-1		
0.05	4.899832	-1		
0.05	4.999828	-1		
0.05	5.099825	-1		
0.05	5.199822	-1		
0.05	5.299818	-1		
0.05	5.399815	-1		
0.05	5.499811	-1		
0.05	5.599808	-1		
0.05	5.699804	-1		
0.05	5.799801	-1		
0.05	5.899798	-1		
0.05	5.999794	-1		
0.05	6.099791	-1		
0.05	6.199787	-1		
0.05	6.299784	-1		
0.05	6.39978	-1		
0.05	6.499777	-1		
0.05	6.599774	-1		
0.05	6.69977	-1		
0.05	6.799767	-1		
0.05	6.899763	-1		
0.05	6.99976	-1		
0.05	7.099756	-1		
0.05	7.199753	-1		
0.05	7.29975	-1		
0.05	7.399746	-1		
0.05	7.499743	-1		
0.05	7.599739	-1		
0.05	7.699736	-1		
0.05	7.799732	-1		
0.05	7.899729	-1		
0.05	7.999726	-1		
0.05	8.099722	-1		
0.05	8.199719	-1		
0.05	8.299715	-1		
0.05	8.399712	-1		
0.05	8.499708	-1		
0.05	8.599705	-1		
0.05	8.699702	-1		
0.05	8.799698	-1		
0.05	8.899695	-1		
0.05	8.999691	-1		
0.05	9.099688	-1		
0.05	9.199684	-1		
0.05	9.299681	-1		
0.05	9.399678	-1		
0.05	9.499674	-1		
0.05	9.599671	-1		
0.05	9.699667	-1		
0.05	9.799664	-1		
0.05	9.89966	-1		
0.05	9.999657	-1		
0.05	10.099653	-1		
0.05	10.19965	-1		
0.05	10.299647	-1		
0.05	10.399643	-1		
0.05	10.49964	-1		
0.05	10.599636	-1		
0.05	10.699633	-1		
0.05	10.799629	-1		
0.05	10.899626	-1		
0.05	10.999623	-1		
0.05	11.099619	-1		
0.05	11.199616	-1		
0.05	11.299612	-1		
0.05	11.399609	-1		
0.05	11.499605	-1		
0.05	11.599602	-1		
0.05	11.699599	-1		
0.05	11.799595	-1		
0.05	11.899592	-1		
0.05	11.999588	-1		
0.05	12.099585	-1		
0.05	12.199581	-1		
0.05	12.299578	-1		
0.05	12.399575	-1		
0.05	12.499571	-1		
0.05	12.599568	-1		
0.05	12.699564	-1		
0.05	12.799561	-1		
0.05	12.899557	-1		
0.05	12.999554	-1		
0.05	13.099551	-1		
0.05	13.199547	-1		
0.05	13.299544	-1		
0.05	13.39954	-1		
0.05	13.499537	-1		
0.05	13.599533	-1		
0.05	13.69953	-1		
0.05	13.799527	-1		
0.05	13.899523	-1		
0.05	13.99952	-1		
0.05	14.099516	-1		
0.05	14.199513	-1		
0.05	14.299509	-1		
0.05	14.399506	-1		
0.05	14.499503	-1		
0.05	14.599499	-1		
0.05	14.699496	-1		
0.05	14.799492	-1		
0.05	14.899489	-1		
0.05	14.999485	-1		
0.05	15.099482	-1		
0.05	15.199479	-1		
0.05	15.299475	-1		
0.05	15.399472	-1		
0.05	15.499468	-1		
0.05	15.599465	-1		
0.05	15.699461	-1		
0.05	15.799458	-1		
0.05	15.899455	-1		
0.05	15.999451	-1		
0.05	16.099448	-1		
0.05	16.199444	-1		
0.05	16.299441	-1		
0.05	16.399437	-1		
0.05	16.499434	-1		
0.05	16.599431	-1		
0.05	16.699427	-1		
0.05	16.799424	-1		
0.05	16.89942	-1		
0.05	16.999417	-1		
0.05	17.099413	-1		
0.05	17.19941	-1		
0.05	17.299406	-1		
0.05	17.399403	-1		
0.05	17.4994	-1		
0.05	17.599396	-1		
0.05	17.699393	-1		
0.05	17.799389	-1		
0.05	17.899386	-1		
0.05	17.999382	-1		
0.05	18.099379	-1		
0.05	18.199376	-1		
0.05	18.299372	-1		
0.05	18.399369	-1		
0.05	18.499365	-1		
0.05	18.599362	-1		
0.05	18.699358	-1		
0.05	18.799355	-1		
0.05	18.899352	-1		
0.05	18.999348	-1		
0.05	19.099345	-1		
0.05	19.199341	-1		
0.05	19.299338	-1		
0.05	19.399334	-1		
0.05	19.499331	-1		
0.05	19.599328	-1		
0.05	19.699324	-1		
0.05	19.799321	-1		
0.05	19.899317	-1		
0.05	19.999314	-1		
0.05	20.09931	-1		
0.05	20.199307	-1		
0.05	20.299304	-1		
0.05	20.3993	-1		
0.05	20.499297	-1		
0.05	20.599293	-1		
0.05	20.69929	-1		
0.05	20.799286	-1		
0.05	20.899283	-1		
0.05	20.99928	-1		
0.05	21.099276	-1		
0.05	21.199273	-1		
0.05	21.299269	-1		
0.05	21.399266	-1		
0.05	21.499262	-1		
0.05	21.599259	-1		
0.05	21.699256	-1		
0.05	21.799252	-1		
0.05	21.899249	-1		
0.05	21.999245	-1		
0.05	22.099242	-1		
0.05	22.199238	-1		
0.05	22.299235	-1		
0.05	22.399232	-1		
0.05	22.499228	-1		
0.05	22.599225	-1		
0.05	22.699221	-1		
0.05	22.799218	-1		
0.05	22.899214	-1		
0.05	22.999211	-1		
0.05	23.099208	-1		
0.05	23.199204	-1		
0.05	23.299201	-1		
0.05	23.399197	-1		
0.05	23.499194	-1		
0.05	23.59919	-1		
0.05	23.699187	-1		
0.05	23.799183	-1		
0.05	23.89918	-1		
0.05	23.999177	-1		
0.05	24.099173	-1		
0.05	24.19917	-1		
0.05	24.299166	-1		
0.05	24.399163	-1		
0.05	24.499159	-1		
0.05	24.599156	-1		

				
0.1	0.099997	0.108721		
0.1	0.199993	0.115811		
0.1	0.29999	0.122739		
0.1	0.399986	0.129436		
0.1	0.499983	0.135837		
0.1	0.599979	0.141882		
0.1	0.699976	0.147516		
0.1	0.799973	0.152688		
0.1	0.899969	0.157359		
0.1	0.999966	0.161496		
0.1	1.099962	0.165075		
0.1	1.199959	0.168081		
0.1	1.299955	0.170509		
0.1	1.399952	0.172361		
0.1	1.499949	0.173647		
0.1	1.599945	-1		
0.1	1.699942	-1		
0.1	1.799938	-1		
0.1	1.899935	-1		
0.1	1.999931	-1		
0.1	2.099928	-1		
0.1	2.199925	-1		
0.1	2.299921	-1		
0.1	2.399918	-1		
0.1	2.499914	-1		
....
....
....
