 alpha=    0.0076
     beta       s(alpha,beta)      ss(alpha,beta)     ss(alpha,-beta)
    0.0000       3.19208E-03         3.19208E-03         3.19208E-03       
    0.0339       2.77540E-03         2.72872E-03         2.82289E-03       
    0.0679       2.50050E-03         2.41707E-03         2.58681E-03       
    0.1018       2.41681E-03         2.29687E-03         2.54301E-03       
    0.1357       2.34912E-03         2.19498E-03         2.51407E-03       
    0.1697       2.28716E-03         2.10114E-03         2.48966E-03       
    0.2036       2.23209E-03         2.01605E-03         2.47128E-03       
    0.2375       2.18554E-03         1.94080E-03         2.46114E-03       
    0.2715       2.14843E-03         1.87574E-03         2.46076E-03       
    0.3054       2.12173E-03         1.82127E-03         2.47175E-03       
    0.3393       2.10740E-03         1.77854E-03         2.49707E-03       
    0.3733       2.10855E-03         1.74957E-03         2.54119E-03       
    0.4072       2.13316E-03         1.74021E-03         2.61484E-03       
    0.4411       2.20109E-03         1.76543E-03         2.74427E-03       
    0.4751       2.39986E-03         1.89246E-03         3.04330E-03       
    0.5090       2.97318E-03         2.30513E-03         3.83484E-03       
    0.5429       2.66236E-03         2.02942E-03         3.49269E-03       
    0.5769       1.42484E-03         1.06783E-03         1.90121E-03       
    0.6108       4.61726E-04         3.40214E-04         6.26636E-04       
    0.6447       4.42609E-04         3.20643E-04         6.10969E-04       
alpha=    0.0080
     beta       s(alpha,beta)      ss(alpha,beta)     ss(alpha,-beta)
    0.0000       3.19208E-03         3.19208E-03         3.19208E-03       
    0.0339       2.77540E-03         2.72872E-03         2.82289E-03       
    0.0679       2.50050E-03         2.41707E-03         2.58681E-03       
    0.1018       2.41681E-03         2.29687E-03         2.54301E-03       
    0.1357       2.34912E-03         2.19498E-03         2.51407E-03       
    0.1697       2.28716E-03         2.10114E-03         2.48966E-03       
    0.2036       2.23209E-03         2.01605E-03         2.47128E-03       
    0.2375       2.18554E-03         1.94080E-03         2.46114E-03       
    0.2715       2.14843E-03         1.87574E-03         2.46076E-03       
    0.3054       2.12173E-03         1.82127E-03         2.47175E-03       
    0.3393       2.10740E-03         1.77854E-03         2.49707E-03       
    0.3733       2.10855E-03         1.74957E-03         2.54119E-03       
    0.4072       2.13316E-03         1.74021E-03         2.61484E-03       
    0.4411       2.20109E-03         1.76543E-03         2.74427E-03       
    0.4751       2.39986E-03         1.89246E-03         3.04330E-03       
    0.5090       2.97318E-03         2.30513E-03         3.83484E-03       
    0.5429       2.66236E-03         2.02942E-03         3.49269E-03       
    0.5769       1.42484E-03         1.06783E-03         1.90121E-03       
    0.6108       4.61726E-04         3.40214E-04         6.26636E-04       
    0.6447       4.42609E-04         3.20643E-04         6.10969E-04       
